,date,supplier_name,account_type,supplier_terminal_name,product_name,base_gallons_Daily,base_gallons_Weekly,lifted_gallons_daily_flag,lifted_gallons_daily_modified,Modified_WeeksByLiftedGallons,lifted_gallons_modified_WeeksByLiftedGallons,lifted_gallons_Daily,Lifted_actual_weekly,lifted_gallons_weekly_flag,WeeksByLiftedGallons,lifted_gallonsWeekly_modified_aposteriori,Modified_LiftedGallonsaposteriori,lifted_gallons_Weekly,beginning_gallons_Daily,beginning_gallons_Weekly,en_allocation_status_Daily,en_allocation_status_Weekly,percentage_allocation_Daily_actual,percentage_allocation_Daily,percentage_allocation_Weekly_actual,percentage_allocation_Weekly,alerts_ratability_Daily,alerts_ratability_Weekly,next_refresh_date_Daily,Week_switch,Modified_NRD,next_refresh_date_Weekly,en_account_type_Daily,en_account_type_Weekly,NRB_Daily,next_refresh_base_gallons_Daily,next_refresh_base_gallons_Weekly,remaining_gallons_Daily,remaining_gallons_Weekly,additional_gallons_allowed_Daily,additional_gallons_allowed_Weekly,additional_gallons_remaining_Daily,additional_gallons_remaining_Weekly,staging_id_Daily,staging_id_Weekly,execution_date_Daily,execution_date_Weekly,customer_name_Daily,customer_name_Weekly,base_gallons_Monthly,Lifted_actual_monthly,lifted_gallons_monthly_flag,lifted_gallons_Monthly,beginning_gallons_Monthly,en_allocation_status_Monthly,percentage_allocation_Monthly_actual,percentage_allocation_Monthly,alerts_ratability_Monthly,next_refresh_date_Monthly,NRB_Monthly,next_refresh_base_gallons_Monthly,remaining_gallons_Monthly,additional_gallons_allowed_Monthly,additional_gallons_remaining_Monthly,execution_date_Monthly,base_gallons_Daily_Reconciled,base_gallons_Monthly_Reconciled,base_gallons_Weekly_Reconciled,beginning_gallons_Daily_Reconciled,beginning_gallons_Monthly_Reconciled,beginning_gallons_Weekly_Reconciled,sanityWeekly_CumulativeDaily_WeeksByLiftedGallons,sanityWeekly_CumulativeDaily_NextRefreshDate,computedWeekly,sanityComputedWeekly,computedMonthly,sanityComputedMonthly,remaining_gallons_Daily_Reconciled,remaining_gallons_Monthly_Reconciled,remaining_gallons_Weekly_Reconciled,additional_gallons_remaining_Daily_Reconciled,additional_gallons_remaining_Monthly_Reconciled,additional_gallons_remaining_Weekly_Reconciled,Ratability_Monthly,Ratability_Daily,Ratability_Weekly,Synthetic_Base_Weekly,Synthetic_Base_Daily,Synthetic_Base_Monthly,Ratability_Monthly_computed,sanityMonthly_CumulativeDaily_WeeksByLiftedGallons,sanityMonthly_CumulativeDaily_WeeksByNextRefreshDate
2015-11-01,2015-11-01 00:00:00,BP,Channel: 50 - Commercial,SOUTH BEND IN - BUCKEYE (PLANT 9121),DIESEL,12097,84677,1,0,3,7500,7500,87307,1,w1,7500,0,0,24194,93145,Available,Available,200%,200,110%,110,-1,-1,11/02 00:00:00 EST,w1,0,2015-11-04 00:00:00,Contract,Contract,12097,12097,87500,16694,10839,8000,8000,2999,2999,7361823,7361824,2015-11-01 22:00:17,2015-11-01 22:00:17,Mansfield,Mansfield,0,0,0,0,0,0,0,0,0,0,0,0,0,0,0,0,12097,0,84677,24194,0,93144,False,False,0,True,0,0,24194,0,93145,-1,-1,-1,-1,0.0,0,84677.0,12097.0,362910.0,-1,0,1
2015-11-02,2015-11-02 00:00:00,BP,Channel: 50 - Commercial,SOUTH BEND IN - BUCKEYE (PLANT 9121),DIESEL,12097,84677,3,102308,3,15001,15001,102308,1,w1,15001,0,15001,24194,93145,Out,Out,200%,200,110%,110,-1,-1,11/03 00:00:00 EST,w1,0,2015-11-04 00:00:00,Contract,Contract,12097,12097,87500,13355,0,8000,8000,-1164,-1164,7411441,7411442,2015-11-02 22:00:17,2015-11-02 22:00:17,Mansfield,Mansfield,0,0,0,0,0,0,0,0,0,0,0,0,0,0,0,0,12097,0,84677,24194,0,93145,False,False,102308,True,0,0,-78114,0,78144,8000,-1,-1,-1,1067.0,0,84677.0,12097.0,362910.0,-1,0,0
2015-11-03,2015-11-03 00:00:00,BP,Channel: 50 - Commercial,SOUTH BEND IN - BUCKEYE (PLANT 9121),DIESEL,12097,84677,0,0,0,0,0,102308,0,w1,0,0,102308,24194,93145,Out,Out,200%,200,110%,110,-1,-1,11/04 00:00:00 EST,w1,0,2015-11-04 00:00:00,Contract,Contract,12500,12097,87500,24194,0,8000,8000,-1164,-1164,7441040,7441041,2015-11-03 09:00:18,2015-11-03 09:00:18,Mansfield,Mansfield,0,0,0,0,0,0,0,0,0,0,0,0,0,0,0,0,12097,0,84677,24194,0,93145,False,False,102308,True,0,0,24194,0,-9163,-1,-1,8000,-1,0.0,100,84677.0,12097.0,362910.0,-1,0,0
2015-11-04,2015-11-04 00:00:00,BP,Channel: 50 - Commercial,SOUTH BEND IN - BUCKEYE (PLANT 9121),DIESEL,12500,87500,1,6408,0,36510,36510,36510,1,w2,36510,0,6408,25000,96250,Available,Available,200%,200,110%,110,-1,-1,11/05 00:00:00 EST,w2,0,2015-11-11 00:00:00,Contract,Contract,12500,12500,87500,-4006,67244,8000,8000,496,496,7696542,7696543,2015-11-04 23:30:19,2015-11-04 23:30:19,Mansfield,Mansfield,0,0,0,0,0,0,0,0,0,0,0,0,0,0,0,0,12500,0,87500,25000,0,96250,True,True,6408,False,0,0,18592,0,89842,-1,-1,-1,-1,0.0,0,87500.0,12500.0,375000.0,-1,0,0
2015-11-05,2015-11-05 00:00:00,BP,Channel: 50 - Commercial,SOUTH BEND IN - BUCKEYE (PLANT 9121),DIESEL,12500,87500,3,82611,0,30102,30102,66612,1,w2,30102,0,14103,25000,96250,Out,Out,200%,200,110%,110,-1,-1,11/06 00:00:00 EST,w2,0,2015-11-11 00:00:00,Contract,Contract,12500,12500,87500,0,42244,8000,8000,-4606,-4606,7816031,7816032,2015-11-05 13:00:16,2015-11-05 13:00:16,Mansfield,Mansfield,0,0,0,0,0,0,0,0,0,0,0,0,0,0,0,0,12500,0,87500,25000,0,96250,True,False,89019,False,0,0,-57611,0,82147,8000,-1,-1,-1,1200.0,0,87500.0,12500.0,375000.0,-1,0,0
2015-11-06,2015-11-06 00:00:00,BP,Channel: 50 - Commercial,SOUTH BEND IN - BUCKEYE (PLANT 9121),DIESEL,12500,87500,0,22407,0,22407,22407,89019,0,w2,22407,0,89019,25000,96250,Available,Available,200%,200,110%,110,-1,-1,11/07 00:00:00 EST,w2,0,2015-11-11 00:00:00,Contract,Contract,12500,12500,87500,2593,19837,8000,8000,-4606,-4606,7882553,7882554,2015-11-06 22:00:17,2015-11-06 22:00:17,Mansfield,Mansfield,0,0,0,0,0,0,0,0,0,0,0,0,0,0,0,0,12500,0,87500,25000,0,96250,True,False,111426,False,0,0,2593,0,7231,-1,-1,-1,-1,133.0,0,87500.0,12500.0,375000.0,-1,0,0
2015-11-07,2015-11-07 00:00:00,BP,Channel: 50 - Commercial,SOUTH BEND IN - BUCKEYE (PLANT 9121),DIESEL,12500,87500,1,22502,0,22502,22502,111521,1,w2,22502,0,111521,25000,96250,Out,Out,200%,200,110%,110,-1,-1,11/08 00:00:00 EST,w2,0,2015-11-11 00:00:00,Contract,Contract,12500,12500,87500,5163,0,8000,8000,-7271,-7271,7926052,7926053,2015-11-07 22:00:20,2015-11-07 22:00:20,Mansfield,Mansfield,0,0,0,0,0,0,0,0,0,0,0,0,0,0,0,0,12500,0,87500,25000,0,96250,True,False,133928,False,0,0,2498,0,-15271,-1,-1,8000,-1,133.0,0,87500.0,12500.0,375000.0,-1,0,0
2015-11-08,2015-11-08 00:00:00,BP,Channel: 50 - Commercial,SOUTH BEND IN - BUCKEYE (PLANT 9121),DIESEL,12500,87500,1,0,0,0,0,111521,1,w2,0,0,111521,25000,96250,Out,Out,200%,200,110%,110,-1,-1,11/09 00:00:00 EST,w2,0,2015-11-11 00:00:00,Contract,Contract,12500,12500,87500,25000,0,8000,8000,-7271,-7271,7979636,7979637,2015-11-08 23:29:17,2015-11-08 23:29:17,Mansfield,Mansfield,0,0,0,0,0,0,0,0,0,0,0,0,0,0,0,0,12500,0,87500,25000,0,96250,True,False,133928,False,0,0,25000,0,-15271,-1,-1,8000,-1,0.0,0,87500.0,12500.0,375000.0,-1,0,0
2015-11-09,2015-11-09 00:00:00,BP,Channel: 50 - Commercial,SOUTH BEND IN - BUCKEYE (PLANT 9121),DIESEL,12500,87500,3,0,0,0,0,111521,1,w2,0,0,111521,25000,96250,Out,Out,200%,200,110%,110,-1,-1,11/10 00:00:00 EST,w2,0,2015-11-11 00:00:00,Contract,Contract,12500,12500,87500,25000,0,8000,8000,-7271,-7271,8021929,8021930,2015-11-09 19:00:20,2015-11-09 19:00:20,Mansfield,Mansfield,0,0,0,0,0,0,0,0,0,0,0,0,0,0,0,0,12500,0,87500,25000,0,96250,True,False,133928,False,0,0,25000,0,-15271,-1,-1,8000,-1,0.0,0,87500.0,12500.0,375000.0,-1,0,0
2015-11-10,2015-11-10 00:00:00,BP,Channel: 50 - Commercial,SOUTH BEND IN - BUCKEYE (PLANT 9121),DIESEL,12500,87500,0,0,0,0,0,111521,0,w2,0,0,111521,25000,96250,Out,Out,200%,200,110%,110,-1,-1,11/11 00:00:00 EST,w2,0,2015-11-11 00:00:00,Contract,Contract,12500,12500,87500,25000,0,8000,8000,-7271,-7271,8076921,8076922,2015-11-10 23:19:48,2015-11-10 23:19:48,Mansfield,Mansfield,0,0,0,0,0,0,0,0,0,0,0,0,0,0,0,0,12500,0,87500,25000,0,96250,True,False,133928,False,0,0,25000,0,-15271,-1,-1,8000,-1,0.0,100,87500.0,12500.0,375000.0,-1,0,0
2015-11-11,2015-11-11 00:00:00,BP,Channel: 50 - Commercial,SOUTH BEND IN - BUCKEYE (PLANT 9121),DIESEL,12500,87500,3,21111,0,21111,21111,21111,0,w3,21111,0,21111,25000,96250,Available,Available,200%,200,110%,110,-1,-1,11/12 00:00:00 EST,w3,0,2015-11-18 00:00:00,Contract,Contract,12500,12500,87500,3889,75139,0,0,0,0,8111378,8111379,2015-11-11 13:00:19,2015-11-11 13:00:19,Mansfield,Mansfield,0,0,0,0,0,0,0,0,0,0,0,0,0,0,0,0,12500,0,87500,25000,0,96250,True,True,21111,True,0,0,3889,0,75139,-1,-1,-1,-1,200.0,0,87500.0,12500.0,375000.0,-1,0,0
2015-11-12,2015-11-12 00:00:00,BP,Channel: 50 - Commercial,SOUTH BEND IN - BUCKEYE (PLANT 9121),DIESEL,12500,87500,0,30101,0,30101,30101,51212,0,w3,30101,0,51212,25000,96250,Available,Available,200%,200,110%,110,-1,-1,11/13 00:00:00 EST,w3,0,2015-11-18 00:00:00,Contract,Contract,12500,12500,87500,0,50139,8000,8000,2899,2899,8181683,8181684,2015-11-12 22:00:17,2015-11-12 22:00:17,Mansfield,Mansfield,0,0,0,0,0,0,0,0,0,0,0,0,0,0,0,0,12500,0,87500,25000,0,96250,True,True,51212,True,0,0,-5101,0,45038,8000,-1,-1,-1,267.0,0,87500.0,12500.0,375000.0,-1,0,0
2015-11-13,2015-11-13 00:00:00,BP,Channel: 50 - Commercial,SOUTH BEND IN - BUCKEYE (PLANT 9121),DIESEL,12500,87500,1,35008,0,35008,35008,86220,1,w3,35008,0,86220,25000,96250,Out,Out,200%,200,110%,110,-1,-1,11/14 00:00:00 EST,w3,0,2015-11-18 00:00:00,Contract,Contract,12500,12500,87500,0,25139,8000,8000,-7109,-7109,8227630,8227631,2015-11-13 22:00:17,2015-11-13 22:00:17,Mansfield,Mansfield,0,0,0,0,0,0,0,0,0,0,0,0,0,0,0,0,12500,0,87500,25000,0,96250,True,True,86220,True,0,0,-10008,0,10030,8000,-1,-1,-1,267.0,0,87500.0,12500.0,375000.0,-1,0,0
2015-11-14,2015-11-14 00:00:00,BP,Channel: 50 - Commercial,SOUTH BEND IN - BUCKEYE (PLANT 9121),DIESEL,12500,87500,3,0,0,0,0,86220,1,w3,0,0,86220,25000,96250,Available,Available,200%,200,110%,110,-1,-1,11/15 00:00:00 EST,w3,0,2015-11-18 00:00:00,Contract,Contract,12500,12500,87500,25000,25139,8000,8000,-7109,-7109,8262499,8262500,2015-11-14 22:00:23,2015-11-14 22:00:23,Mansfield,Mansfield,0,0,0,0,0,0,0,0,0,0,0,0,0,0,0,0,12500,0,87500,25000,0,96250,True,True,86220,True,0,0,25000,0,10030,-1,-1,-1,-1,0.0,0,87500.0,12500.0,375000.0,-1,0,0
2015-11-15,2015-11-15 00:00:00,BP,Channel: 50 - Commercial,SOUTH BEND IN - BUCKEYE (PLANT 9121),DIESEL,12500,87500,3,0,0,0,0,86220,0,w3,0,0,86220,25000,96250,Available,Available,200%,200,110%,110,-1,-1,11/16 00:00:00 EST,w3,0,2015-11-18 00:00:00,Contract,Contract,12500,12500,87500,25000,25139,8000,8000,-7109,-7109,8297260,8297261,2015-11-15 22:00:23,2015-11-15 22:00:23,Mansfield,Mansfield,0,0,0,0,0,0,0,0,0,0,0,0,0,0,0,0,12500,0,87500,25000,0,96250,True,True,86220,True,0,0,25000,0,10030,-1,-1,-1,-1,0.0,0,87500.0,12500.0,375000.0,-1,0,0
2015-11-16,2015-11-16 00:00:00,BP,Channel: 50 - Commercial,SOUTH BEND IN - BUCKEYE (PLANT 9121),DIESEL,12500,87500,3,7499,0,7499,7499,93719,0,w3,7499,0,93719,25000,96250,Available,Available,200%,200,110%,110,-1,-1,11/17 00:00:00 EST,w3,0,2015-11-18 00:00:00,Contract,Contract,12500,12500,87500,17501,17640,8000,8000,-7109,-7109,8355582,8355583,2015-11-16 22:00:24,2015-11-16 22:00:24,Mansfield,Mansfield,0,0,0,0,0,0,0,0,0,0,0,0,0,0,0,0,12500,0,87500,25000,0,96250,True,True,93719,True,0,0,17501,0,2531,-1,-1,-1,-1,0.0,0,87500.0,12500.0,375000.0,-1,0,0
2015-11-17,2015-11-17 00:00:00,BP,Channel: 50 - Commercial,SOUTH BEND IN - BUCKEYE (PLANT 9121),DIESEL,12500,87500,0,22500,0,22500,22500,116219,0,w3,22500,0,116219,25000,96250,Out,Out,200%,200,110%,110,-1,-1,11/18 00:00:00 EST,w3,0,2015-11-18 00:00:00,Contract,Contract,12500,12500,87500,7360,0,8000,8000,-11969,-11969,8414853,8414854,2015-11-17 22:00:22,2015-11-17 22:00:22,Mansfield,Mansfield,0,0,0,0,0,0,0,0,0,0,0,0,0,0,0,0,12500,0,87500,25000,0,96250,True,True,116219,True,0,0,2500,0,-19969,-1,-1,8000,-1,133.0,100,87500.0,12500.0,375000.0,-1,0,0
2015-11-18,2015-11-18 00:00:00,BP,Channel: 50 - Commercial,SOUTH BEND IN - BUCKEYE (PLANT 9121),DIESEL,12500,87500,1,14999,3,30004,30004,30004,1,w4,30004,0,14999,25000,96250,Out,Out,200%,200,110%,110,-1,-1,11/19 00:00:00 EST,w4,0,2015-11-25 00:00:00,Contract,Contract,12500,12500,87500,-5004,66246,0,0,0,0,8478710,8478711,2015-11-18 22:00:20,2015-11-18 22:00:20,Mansfield,Mansfield,0,0,0,0,0,0,0,0,0,0,0,0,0,0,0,0,12500,0,87500,25000,0,96250,True,True,0,0,0,0,10001,0,81251,-1,-1,-1,-1,133.0,0,87500.0,12500.0,375000.0,-1,0,0
2015-11-19,2015-11-19 00:00:00,BP,Channel: 50 - Commercial,SOUTH BEND IN - BUCKEYE (PLANT 9121),DIESEL,12500,87500,1,104,3,15005,15005,45009,1,w4,15005,0,15103,25000,96250,Available,Available,200%,200,110%,110,-1,-1,11/20 00:00:00 EST,w4,0,2015-11-25 00:00:00,Contract,Contract,12500,12500,87500,9995,51241,0,0,0,0,8538611,8538612,2015-11-19 22:00:24,2015-11-19 22:00:24,Mansfield,Mansfield,0,0,0,0,0,0,0,0,0,0,0,0,0,0,0,0,12500,0,87500,25000,0,96250,True,True,0,0,0,0,24896,0,81147,-1,-1,-1,-1,0.0,0,87500.0,12500.0,375000.0,-1,0,0
2015-11-20,2015-11-20 00:00:00,BP,Channel: 50 - Commercial,SOUTH BEND IN - BUCKEYE (PLANT 9121),DIESEL,12500,87500,1,7402,3,14901,14901,59910,1,w4,14901,0,22505,25000,96250,Available,Available,200%,200,110%,110,-1,-1,11/21 00:00:00 EST,w4,0,2015-11-25 00:00:00,Contract,Contract,12500,12500,87500,10099,36340,8000,8000,8000,8000,8600969,8600970,2015-11-20 22:00:21,2015-11-20 22:00:21,Mansfield,Mansfield,0,0,0,0,0,0,0,0,0,0,0,0,0,0,0,0,12500,0,87500,25000,0,96250,True,True,0,0,0,0,17598,0,73745,-1,-1,-1,-1,0.0,0,87500.0,12500.0,375000.0,-1,0,0
2015-11-21,2015-11-21 00:00:00,BP,Channel: 50 - Commercial,SOUTH BEND IN - BUCKEYE (PLANT 9121),DIESEL,12500,87500,3,44904,3,7499,7499,67409,1,w4,7499,0,30004,25000,96250,Available,Available,200%,200,110%,110,-1,-1,11/22 00:00:00 EST,w4,0,2015-11-25 00:00:00,Contract,Contract,12500,12500,87500,17501,28841,8000,8000,8000,8000,8662628,8662629,2015-11-21 22:00:26,2015-11-21 22:00:26,Mansfield,Mansfield,0,0,0,0,0,0,0,0,0,0,0,0,0,0,0,0,12500,0,87500,25000,0,96250,True,False,0,0,0,0,-19904,0,66246,8000,-1,-1,-1,400.0,0,87500.0,12500.0,375000.0,-1,0,0
2015-11-22,2015-11-22 00:00:00,BP,Channel: 50 - Commercial,SOUTH BEND IN - BUCKEYE (PLANT 9121),DIESEL,12500,87500,3,0,3,0,0,67409,0,w4,0,0,67409,25000,96250,Available,Available,200%,200,110%,110,-1,-1,11/23 00:00:00 EST,w4,0,2015-11-25 00:00:00,Contract,Contract,12500,12500,87500,25000,28841,8000,8000,8000,8000,8724060,8724061,2015-11-22 22:00:23,2015-11-22 22:00:23,Mansfield,Mansfield,0,0,0,0,0,0,0,0,0,0,0,0,0,0,0,0,12500,0,87500,25000,0,96250,True,True,0,0,0,0,25000,0,28841,-1,-1,-1,-1,0.0,0,87500.0,12500.0,375000.0,-1,0,0
2015-11-23,2015-11-23 00:00:00,BP,Channel: 50 - Commercial,SOUTH BEND IN - BUCKEYE (PLANT 9121),DIESEL,12500,87500,0,7497,0,7497,7497,74906,0,w4,7497,0,74906,25000,96250,Available,Available,200%,200,110%,110,-1,-1,11/24 00:00:00 EST,w4,0,2015-11-25 00:00:00,Contract,Contract,12500,12500,87500,17503,21344,8000,8000,8000,8000,8787025,8787026,2015-11-23 22:00:21,2015-11-23 22:00:21,Mansfield,Mansfield,0,0,0,0,0,0,0,0,0,0,0,0,0,0,0,0,12500,0,87500,25000,0,96250,True,True,0,0,0,0,17503,0,21344,-1,-1,-1,-1,0.0,0,87500.0,12500.0,375000.0,-1,0,0
2015-11-24,2015-11-24 00:00:00,BP,Channel: 50 - Commercial,SOUTH BEND IN - BUCKEYE (PLANT 9121),DIESEL,-1,87500,0,-1,0,-1,-1,104901,0,w4,-1,0,104901,-1,96250,-1,Out,-1,200,110%,110,-1,-1,-1,w4,0,2015-11-25 00:00:00,-1,Contract,12500,-1,87500,-1,0,-1,8000,-1,-651,-1,8860885,-1,2015-11-24 22:00:12,-1,Mansfield,0,0,0,0,0,0,0,0,0,0,0,0,0,0,0,0,12500,0,87500,25000,0,96250,False,False,0,0,0,0,-1,0,-8651,-1,-1,8000,-1,-1.0,100,87500.0,12500.0,375000.0,-1,0,0
2015-11-25,2015-11-25 00:00:00,BP,Channel: 50 - Commercial,SOUTH BEND IN - BUCKEYE (PLANT 9121),DIESEL,-1,87500,3,22507,1,22507,-1,22507,0,w5,-1,0,22507,-1,96250,-1,Available,-1,200,110%,110,-1,-1,-1,w5,0,2015-12-02 00:00:00,-1,Contract,12500,-1,90323,-1,73743,-1,0,-1,0,-1,8927722,-1,2015-11-25 22:00:10,-1,Mansfield,0,0,0,0,0,0,0,0,0,0,0,0,0,0,0,0,-1,0,87500,-1,0,96250,True,True,0,0,0,0,-1,0,73743,-1,-1,-1,-1,-1.0,0,87500.0,12500.0,375000.0,-1,0,0
2015-11-26,2015-11-26 00:00:00,BP,Channel: 50 - Commercial,SOUTH BEND IN - BUCKEYE (PLANT 9121),DIESEL,-1,87500,0,-1,0,-1,-1,22507,0,w5,-1,0,22507,-1,96250,-1,Available,-1,200,110%,110,-1,-1,-1,w5,0,2015-12-02 00:00:00,-1,Contract,12500,-1,90323,-1,73743,-1,0,-1,0,-1,8972411,-1,2015-11-26 22:00:11,-1,Mansfield,0,0,0,0,0,0,0,0,0,0,0,0,0,0,0,0,-1,0,87500,-1,0,96250,False,False,0,0,0,0,-1,0,73743,-1,-1,-1,-1,-1.0,0,87500.0,12500.0,375000.0,-1,0,0
2015-11-27,2015-11-27 00:00:00,BP,Channel: 50 - Commercial,SOUTH BEND IN - BUCKEYE (PLANT 9121),DIESEL,-1,87500,0,-1,0,-1,-1,45013,0,w5,-1,0,45013,-1,96250,-1,Available,-1,200,110%,110,-1,-1,-1,w5,0,2015-12-02 00:00:00,-1,Contract,12500,-1,90323,-1,51237,-1,0,-1,0,-1,9022839,-1,2015-11-27 22:00:08,-1,Mansfield,0,0,0,0,0,0,0,0,0,0,0,0,0,0,0,0,-1,0,87500,-1,0,96250,False,False,0,0,0,0,-1,0,51237,-1,-1,-1,-1,-1.0,0,87500.0,12500.0,375000.0,-1,0,0
2015-11-28,2015-11-28 00:00:00,BP,Channel: 50 - Commercial,SOUTH BEND IN - BUCKEYE (PLANT 9121),DIESEL,-1,87500,0,-1,0,-1,-1,52511,0,w5,-1,0,52511,-1,96250,-1,Available,-1,200,110%,110,-1,-1,-1,w5,0,2015-12-02 00:00:00,-1,Contract,12500,-1,90323,-1,43739,-1,0,-1,0,-1,9082078,-1,2015-11-28 22:00:09,-1,Mansfield,0,0,0,0,0,0,0,0,0,0,0,0,0,0,0,0,-1,0,87500,-1,0,96250,False,False,0,0,0,0,-1,0,43739,-1,-1,-1,-1,-1.0,0,87500.0,12500.0,375000.0,-1,0,0
2015-11-29,2015-11-29 00:00:00,BP,Channel: 50 - Commercial,SOUTH BEND IN - BUCKEYE (PLANT 9121),DIESEL,-1,87500,0,-1,0,-1,-1,52511,0,w5,-1,0,52511,-1,96250,-1,Available,-1,200,110%,110,-1,-1,-1,w5,0,2015-12-02 00:00:00,-1,Contract,12500,-1,90323,-1,43739,-1,0,-1,0,-1,9133049,-1,2015-11-29 22:00:09,-1,Mansfield,0,0,0,0,0,0,0,0,0,0,0,0,0,0,0,0,-1,0,87500,-1,0,96250,False,False,0,0,0,0,-1,0,43739,-1,-1,-1,-1,-1.0,0,87500.0,12500.0,375000.0,-1,0,0
2015-11-30,2015-11-30 00:00:00,BP,Channel: 50 - Commercial,SOUTH BEND IN - BUCKEYE (PLANT 9121),DIESEL,-1,87500,0,-1,0,-1,-1,60010,0,w5,-1,0,60010,-1,96250,-1,Available,-1,200,110%,110,-1,-1,-1,w5,0,2015-12-02 00:00:00,-1,Contract,12500,-1,90323,-1,36240,-1,0,-1,0,-1,9186574,-1,2015-11-30 22:00:08,-1,Mansfield,0,0,0,0,0,0,0,0,0,0,0,0,0,0,0,0,-1,0,87500,-1,0,96250,False,False,0,0,0,0,-1,0,36240,-1,-1,-1,-1,-1.0,0,87500.0,12500.0,375000.0,-1,0,0
